141.4213562373095
4
id0
id0 0.1 0.1 1 8
id1 0.2 0.2 1 8
id2 0.3 0.3 1 8
id3 0.4 0.4 1 8
id4 0.5 0.5 1 8
id5 0.6 0.6 1 8
id6 0.7 0.7 1 8
id7 0.8 0.8 1 8
id8 0.9 0.9 1 8
id9 0.9999999999999999 0.9999999999999999 1 8
id10 1.0999999999999999 1.0999999999999999 1 8
id11 1.2 1.2 1 8
id12 1.3 1.3 1 8
id13 1.4000000000000001 1.4000000000000001 1 8
id14 1.5000000000000002 1.5000000000000002 1 8
id15 1.6000000000000003 1.6000000000000003 1 8
id16 1.7000000000000004 1.7000000000000004 1 8
id17 1.8000000000000005 1.8000000000000005 1 8
id18 1.9000000000000006 1.9000000000000006 1 8
id19 2.0000000000000004 2.0000000000000004 1 8
id20 2.1000000000000005 2.1000000000000005 1 8
id21 2.2000000000000006 2.2000000000000006 1 8
id22 2.3000000000000007 2.3000000000000007 1 8
id23 2.400000000000001 2.400000000000001 1 8
id24 2.500000000000001 2.500000000000001 1 8
id25 2.600000000000001 2.600000000000001 1 8
id26 2.700000000000001 2.700000000000001 1 8
id27 2.800000000000001 2.800000000000001 1 8
id28 2.9000000000000012 2.9000000000000012 1 8
id29 3.0000000000000013 3.0000000000000013 1 8
id30 3.1000000000000014 3.1000000000000014 1 8
id31 3.2000000000000015 3.2000000000000015 1 8
id32 3.3000000000000016 3.3000000000000016 1 8
id33 3.4000000000000017 3.4000000000000017 1 8
id34 3.5000000000000018 3.5000000000000018 1 8
id35 3.600000000000002 3.600000000000002 1 8
id36 3.700000000000002 3.700000000000002 1 8
id37 3.800000000000002 3.800000000000002 1 8
id38 3.900000000000002 3.900000000000002 1 8
id39 4.000000000000002 4.000000000000002 1 8
id40 4.100000000000001 4.100000000000001 1 8
id41 4.200000000000001 4.200000000000001 1 8
id42 4.300000000000001 4.300000000000001 1 8
id43 4.4 4.4 1 8
id44 4.5 4.5 1 8
id45 4.6 4.6 1 8
id46 4.699999999999999 4.699999999999999 1 8
id47 4.799999999999999 4.799999999999999 1 8
id48 4.899999999999999 4.899999999999999 1 8
id49 4.999999999999998 4.999999999999998 1 8
id50 5.099999999999998 5.099999999999998 1 8
id51 5.1999999999999975 5.1999999999999975 1 8
id52 5.299999999999997 5.299999999999997 1 8
id53 5.399999999999997 5.399999999999997 1 8
id54 5.4999999999999964 5.4999999999999964 1 8
id55 5.599999999999996 5.599999999999996 1 8
id56 5.699999999999996 5.699999999999996 1 8
id57 5.799999999999995 5.799999999999995 1 8
id58 5.899999999999995 5.899999999999995 1 8
id59 5.999999999999995 5.999999999999995 1 8
id60 6.099999999999994 6.099999999999994 1 8
id61 6.199999999999994 6.199999999999994 1 8
id62 6.299999999999994 6.299999999999994 1 8
id63 6.399999999999993 6.399999999999993 1 8
id64 6.499999999999993 6.499999999999993 1 8
id65 6.5999999999999925 6.5999999999999925 1 8
id66 6.699999999999992 6.699999999999992 1 8
id67 6.799999999999992 6.799999999999992 1 8
id68 6.8999999999999915 6.8999999999999915 1 8
id69 6.999999999999991 6.999999999999991 1 8
id70 7.099999999999991 7.099999999999991 1 8
id71 7.19999999999999 7.19999999999999 1 8
id72 7.29999999999999 7.29999999999999 1 8
id73 7.39999999999999 7.39999999999999 1 8
id74 7.499999999999989 7.499999999999989 1 8
id75 7.599999999999989 7.599999999999989 1 8
id76 7.699999999999989 7.699999999999989 1 8
id77 7.799999999999988 7.799999999999988 1 8
id78 7.899999999999988 7.899999999999988 1 8
id79 7.999999999999988 7.999999999999988 1 8
id80 8.099999999999987 8.099999999999987 1 8
id81 8.199999999999987 8.199999999999987 1 8
id82 8.299999999999986 8.299999999999986 1 8
id83 8.399999999999986 8.399999999999986 1 8
id84 8.499999999999986 8.499999999999986 1 8
id85 8.599999999999985 8.599999999999985 1 8
id86 8.699999999999985 8.699999999999985 1 8
id87 8.799999999999985 8.799999999999985 1 8
id88 8.899999999999984 8.899999999999984 1 8
id89 8.999999999999984 8.999999999999984 1 8
id90 9.099999999999984 9.099999999999984 1 8
id91 9.199999999999983 9.199999999999983 1 8
id92 9.299999999999983 9.299999999999983 1 8
id93 9.399999999999983 9.399999999999983 1 8
id94 9.499999999999982 9.499999999999982 1 8
id95 9.599999999999982 9.599999999999982 1 8
id96 9.699999999999982 9.699999999999982 1 8
id97 9.799999999999981 9.799999999999981 1 8
id98 9.89999999999998 9.89999999999998 1 8
id99 9.99999999999998 9.99999999999998 1 8
id100 10.09999999999998 10.09999999999998 1 8
id101 10.19999999999998 10.19999999999998 1 8
id102 10.29999999999998 10.29999999999998 1 8
id103 10.399999999999979 10.399999999999979 1 8
id104 10.499999999999979 10.499999999999979 1 8
id105 10.599999999999978 10.599999999999978 1 8
id106 10.699999999999978 10.699999999999978 1 8
id107 10.799999999999978 10.799999999999978 1 8
id108 10.899999999999977 10.899999999999977 1 8
id109 10.999999999999977 10.999999999999977 1 8
id110 11.099999999999977 11.099999999999977 1 8
id111 11.199999999999976 11.199999999999976 1 8
id112 11.299999999999976 11.299999999999976 1 8
id113 11.399999999999975 11.399999999999975 1 8
id114 11.499999999999975 11.499999999999975 1 8
id115 11.599999999999975 11.599999999999975 1 8
id116 11.699999999999974 11.699999999999974 1 8
id117 11.799999999999974 11.799999999999974 1 8
id118 11.899999999999974 11.899999999999974 1 8
id119 11.999999999999973 11.999999999999973 1 8
id120 12.099999999999973 12.099999999999973 1 8
id121 12.199999999999973 12.199999999999973 1 8
id122 12.299999999999972 12.299999999999972 1 8
id123 12.399999999999972 12.399999999999972 1 8
id124 12.499999999999972 12.499999999999972 1 8
id125 12.599999999999971 12.599999999999971 1 8
id126 12.69999999999997 12.69999999999997 1 8
id127 12.79999999999997 12.79999999999997 1 8
id128 12.89999999999997 12.89999999999997 1 8
id129 12.99999999999997 12.99999999999997 1 8
id130 13.09999999999997 13.09999999999997 1 8
id131 13.199999999999969 13.199999999999969 1 8
id132 13.299999999999969 13.299999999999969 1 8
id133 13.399999999999968 13.399999999999968 1 8
id134 13.499999999999968 13.499999999999968 1 8
id135 13.599999999999968 13.599999999999968 1 8
id136 13.699999999999967 13.699999999999967 1 8
id137 13.799999999999967 13.799999999999967 1 8
id138 13.899999999999967 13.899999999999967 1 8
id139 13.999999999999966 13.999999999999966 1 8
id140 14.099999999999966 14.099999999999966 1 8
id141 14.199999999999966 14.199999999999966 1 8
id142 14.299999999999965 14.299999999999965 1 8
id143 14.399999999999965 14.399999999999965 1 8
id144 14.499999999999964 14.499999999999964 1 8
id145 14.599999999999964 14.599999999999964 1 8
id146 14.699999999999964 14.699999999999964 1 8
id147 14.799999999999963 14.799999999999963 1 8
id148 14.899999999999963 14.899999999999963 1 8
id149 14.999999999999963 14.999999999999963 1 8
id150 15.099999999999962 15.099999999999962 1 8
id151 15.199999999999962 15.199999999999962 1 8
id152 15.299999999999962 15.299999999999962 1 8
id153 15.399999999999961 15.399999999999961 1 8
id154 15.499999999999961 15.499999999999961 1 8
id155 15.59999999999996 15.59999999999996 1 8
id156 15.69999999999996 15.69999999999996 1 8
id157 15.79999999999996 15.79999999999996 1 8
id158 15.89999999999996 15.89999999999996 1 8
id159 15.99999999999996 15.99999999999996 1 8
id160 16.09999999999996 16.09999999999996 1 8
id161 16.19999999999996 16.19999999999996 1 8
id162 16.29999999999996 16.29999999999996 1 8
id163 16.399999999999963 16.399999999999963 1 8
id164 16.499999999999964 16.499999999999964 1 8
id165 16.599999999999966 16.599999999999966 1 8
id166 16.699999999999967 16.699999999999967 1 8
id167 16.79999999999997 16.79999999999997 1 8
id168 16.89999999999997 16.89999999999997 1 8
id169 16.99999999999997 16.99999999999997 1 8
id170 17.099999999999973 17.099999999999973 1 8
id171 17.199999999999974 17.199999999999974 1 8
id172 17.299999999999976 17.299999999999976 1 8
id173 17.399999999999977 17.399999999999977 1 8
id174 17.49999999999998 17.49999999999998 1 8
id175 17.59999999999998 17.59999999999998 1 8
id176 17.69999999999998 17.69999999999998 1 8
id177 17.799999999999983 17.799999999999983 1 8
id178 17.899999999999984 17.899999999999984 1 8
id179 17.999999999999986 17.999999999999986 1 8
id180 18.099999999999987 18.099999999999987 1 8
id181 18.19999999999999 18.19999999999999 1 8
id182 18.29999999999999 18.29999999999999 1 8
id183 18.39999999999999 18.39999999999999 1 8
id184 18.499999999999993 18.499999999999993 1 8
id185 18.599999999999994 18.599999999999994 1 8
id186 18.699999999999996 18.699999999999996 1 8
id187 18.799999999999997 18.799999999999997 1 8
id188 18.9 18.9 1 8
id189 19.0 19.0 1 8
id190 19.1 19.1 1 8
id191 19.200000000000003 19.200000000000003 1 8
id192 19.300000000000004 19.300000000000004 1 8
id193 19.400000000000006 19.400000000000006 1 8
id194 19.500000000000007 19.500000000000007 1 8
id195 19.60000000000001 19.60000000000001 1 8
id196 19.70000000000001 19.70000000000001 1 8
id197 19.80000000000001 19.80000000000001 1 8
id198 19.900000000000013 19.900000000000013 1 8
id199 20.000000000000014 20.000000000000014 1 8
id200 20.100000000000016 20.100000000000016 1 8
id201 20.200000000000017 20.200000000000017 1 8
id202 20.30000000000002 20.30000000000002 1 8
id203 20.40000000000002 20.40000000000002 1 8
id204 20.50000000000002 20.50000000000002 1 8
id205 20.600000000000023 20.600000000000023 1 8
id206 20.700000000000024 20.700000000000024 1 8
id207 20.800000000000026 20.800000000000026 1 8
id208 20.900000000000027 20.900000000000027 1 8
id209 21.00000000000003 21.00000000000003 1 8
id210 21.10000000000003 21.10000000000003 1 8
id211 21.20000000000003 21.20000000000003 1 8
id212 21.300000000000033 21.300000000000033 1 8
id213 21.400000000000034 21.400000000000034 1 8
id214 21.500000000000036 21.500000000000036 1 8
id215 21.600000000000037 21.600000000000037 1 8
id216 21.70000000000004 21.70000000000004 1 8
id217 21.80000000000004 21.80000000000004 1 8
id218 21.90000000000004 21.90000000000004 1 8
id219 22.000000000000043 22.000000000000043 1 8
id220 22.100000000000044 22.100000000000044 1 8
id221 22.200000000000045 22.200000000000045 1 8
id222 22.300000000000047 22.300000000000047 1 8
id223 22.40000000000005 22.40000000000005 1 8
id224 22.50000000000005 22.50000000000005 1 8
id225 22.60000000000005 22.60000000000005 1 8
id226 22.700000000000053 22.700000000000053 1 8
id227 22.800000000000054 22.800000000000054 1 8
id228 22.900000000000055 22.900000000000055 1 8
id229 23.000000000000057 23.000000000000057 1 8
id230 23.10000000000006 23.10000000000006 1 8
id231 23.20000000000006 23.20000000000006 1 8
id232 23.30000000000006 23.30000000000006 1 8
id233 23.400000000000063 23.400000000000063 1 8
id234 23.500000000000064 23.500000000000064 1 8
id235 23.600000000000065 23.600000000000065 1 8
id236 23.700000000000067 23.700000000000067 1 8
id237 23.800000000000068 23.800000000000068 1 8
id238 23.90000000000007 23.90000000000007 1 8
id239 24.00000000000007 24.00000000000007 1 8
id240 24.100000000000072 24.100000000000072 1 8
id241 24.200000000000074 24.200000000000074 1 8
id242 24.300000000000075 24.300000000000075 1 8
id243 24.400000000000077 24.400000000000077 1 8
id244 24.500000000000078 24.500000000000078 1 8
id245 24.60000000000008 24.60000000000008 1 8
id246 24.70000000000008 24.70000000000008 1 8
id247 24.800000000000082 24.800000000000082 1 8
id248 24.900000000000084 24.900000000000084 1 8
id249 25.000000000000085 25.000000000000085 1 8
id250 25.100000000000087 25.100000000000087 1 8
id251 25.200000000000088 25.200000000000088 1 8
id252 25.30000000000009 25.30000000000009 1 8
id253 25.40000000000009 25.40000000000009 1 8
id254 25.500000000000092 25.500000000000092 1 8
id255 25.600000000000094 25.600000000000094 1 8
id256 25.700000000000095 25.700000000000095 1 8
id257 25.800000000000097 25.800000000000097 1 8
id258 25.900000000000098 25.900000000000098 1 8
id259 26.0000000000001 26.0000000000001 1 8
id260 26.1000000000001 26.1000000000001 1 8
id261 26.200000000000102 26.200000000000102 1 8
id262 26.300000000000104 26.300000000000104 1 8
id263 26.400000000000105 26.400000000000105 1 8
id264 26.500000000000107 26.500000000000107 1 8
id265 26.600000000000108 26.600000000000108 1 8
id266 26.70000000000011 26.70000000000011 1 8
id267 26.80000000000011 26.80000000000011 1 8
id268 26.900000000000112 26.900000000000112 1 8
id269 27.000000000000114 27.000000000000114 1 8
id270 27.100000000000115 27.100000000000115 1 8
id271 27.200000000000117 27.200000000000117 1 8
id272 27.300000000000118 27.300000000000118 1 8
id273 27.40000000000012 27.40000000000012 1 8
id274 27.50000000000012 27.50000000000012 1 8
id275 27.600000000000122 27.600000000000122 1 8
id276 27.700000000000124 27.700000000000124 1 8
id277 27.800000000000125 27.800000000000125 1 8
id278 27.900000000000126 27.900000000000126 1 8
id279 28.000000000000128 28.000000000000128 1 8
id280 28.10000000000013 28.10000000000013 1 8
id281 28.20000000000013 28.20000000000013 1 8
id282 28.300000000000132 28.300000000000132 1 8
id283 28.400000000000134 28.400000000000134 1 8
id284 28.500000000000135 28.500000000000135 1 8
id285 28.600000000000136 28.600000000000136 1 8
id286 28.700000000000138 28.700000000000138 1 8
id287 28.80000000000014 28.80000000000014 1 8
id288 28.90000000000014 28.90000000000014 1 8
id289 29.000000000000142 29.000000000000142 1 8
id290 29.100000000000144 29.100000000000144 1 8
id291 29.200000000000145 29.200000000000145 1 8
id292 29.300000000000146 29.300000000000146 1 8
id293 29.400000000000148 29.400000000000148 1 8
id294 29.50000000000015 29.50000000000015 1 8
id295 29.60000000000015 29.60000000000015 1 8
id296 29.700000000000152 29.700000000000152 1 8
id297 29.800000000000153 29.800000000000153 1 8
id298 29.900000000000155 29.900000000000155 1 8
id299 30.000000000000156 30.000000000000156 1 8
id300 30.100000000000158 30.100000000000158 1 8
id301 30.20000000000016 30.20000000000016 1 8
id302 30.30000000000016 30.30000000000016 1 8
id303 30.400000000000162 30.400000000000162 1 8
id304 30.500000000000163 30.500000000000163 1 8
id305 30.600000000000165 30.600000000000165 1 8
id306 30.700000000000166 30.700000000000166 1 8
id307 30.800000000000168 30.800000000000168 1 8
id308 30.90000000000017 30.90000000000017 1 8
id309 31.00000000000017 31.00000000000017 1 8
id310 31.100000000000172 31.100000000000172 1 8
id311 31.200000000000173 31.200000000000173 1 8
id312 31.300000000000175 31.300000000000175 1 8
id313 31.400000000000176 31.400000000000176 1 8
id314 31.500000000000178 31.500000000000178 1 8
id315 31.60000000000018 31.60000000000018 1 8
id316 31.70000000000018 31.70000000000018 1 8
id317 31.800000000000182 31.800000000000182 1 8
id318 31.900000000000183 31.900000000000183 1 8
id319 32.000000000000185 32.000000000000185 1 8
id320 32.100000000000186 32.100000000000186 1 8
id321 32.20000000000019 32.20000000000019 1 8
id322 32.30000000000019 32.30000000000019 1 8
id323 32.40000000000019 32.40000000000019 1 8
id324 32.50000000000019 32.50000000000019 1 8
id325 32.60000000000019 32.60000000000019 1 8
id326 32.700000000000195 32.700000000000195 1 8
id327 32.800000000000196 32.800000000000196 1 8
id328 32.9000000000002 32.9000000000002 1 8
id329 33.0000000000002 33.0000000000002 1 8
id330 33.1000000000002 33.1000000000002 1 8
id331 33.2000000000002 33.2000000000002 1 8
id332 33.3000000000002 33.3000000000002 1 8
id333 33.400000000000205 33.400000000000205 1 8
id334 33.500000000000206 33.500000000000206 1 8
id335 33.60000000000021 33.60000000000021 1 8
id336 33.70000000000021 33.70000000000021 1 8
id337 33.80000000000021 33.80000000000021 1 8
id338 33.90000000000021 33.90000000000021 1 8
id339 34.00000000000021 34.00000000000021 1 8
id340 34.100000000000215 34.100000000000215 1 8
id341 34.200000000000216 34.200000000000216 1 8
id342 34.30000000000022 34.30000000000022 1 8
id343 34.40000000000022 34.40000000000022 1 8
id344 34.50000000000022 34.50000000000022 1 8
id345 34.60000000000022 34.60000000000022 1 8
id346 34.70000000000022 34.70000000000022 1 8
id347 34.800000000000225 34.800000000000225 1 8
id348 34.900000000000226 34.900000000000226 1 8
id349 35.00000000000023 35.00000000000023 1 8
id350 35.10000000000023 35.10000000000023 1 8
id351 35.20000000000023 35.20000000000023 1 8
id352 35.30000000000023 35.30000000000023 1 8
id353 35.40000000000023 35.40000000000023 1 8
id354 35.500000000000234 35.500000000000234 1 8
id355 35.600000000000236 35.600000000000236 1 8
id356 35.70000000000024 35.70000000000024 1 8
id357 35.80000000000024 35.80000000000024 1 8
id358 35.90000000000024 35.90000000000024 1 8
id359 36.00000000000024 36.00000000000024 1 8
id360 36.10000000000024 36.10000000000024 1 8
id361 36.200000000000244 36.200000000000244 1 8
id362 36.300000000000246 36.300000000000246 1 8
id363 36.40000000000025 36.40000000000025 1 8
id364 36.50000000000025 36.50000000000025 1 8
id365 36.60000000000025 36.60000000000025 1 8
id366 36.70000000000025 36.70000000000025 1 8
id367 36.80000000000025 36.80000000000025 1 8
id368 36.900000000000254 36.900000000000254 1 8
id369 37.000000000000256 37.000000000000256 1 8
id370 37.10000000000026 37.10000000000026 1 8
id371 37.20000000000026 37.20000000000026 1 8
id372 37.30000000000026 37.30000000000026 1 8
id373 37.40000000000026 37.40000000000026 1 8
id374 37.50000000000026 37.50000000000026 1 8
id375 37.600000000000264 37.600000000000264 1 8
id376 37.700000000000266 37.700000000000266 1 8
id377 37.80000000000027 37.80000000000027 1 8
id378 37.90000000000027 37.90000000000027 1 8
id379 38.00000000000027 38.00000000000027 1 8
id380 38.10000000000027 38.10000000000027 1 8
id381 38.20000000000027 38.20000000000027 1 8
id382 38.300000000000274 38.300000000000274 1 8
id383 38.400000000000276 38.400000000000276 1 8
id384 38.50000000000028 38.50000000000028 1 8
id385 38.60000000000028 38.60000000000028 1 8
id386 38.70000000000028 38.70000000000028 1 8
id387 38.80000000000028 38.80000000000028 1 8
id388 38.90000000000028 38.90000000000028 1 8
id389 39.000000000000284 39.000000000000284 1 8
id390 39.100000000000286 39.100000000000286 1 8
id391 39.20000000000029 39.20000000000029 1 8
id392 39.30000000000029 39.30000000000029 1 8
id393 39.40000000000029 39.40000000000029 1 8
id394 39.50000000000029 39.50000000000029 1 8
id395 39.60000000000029 39.60000000000029 1 8
id396 39.700000000000294 39.700000000000294 1 8
id397 39.800000000000296 39.800000000000296 1 8
id398 39.9000000000003 39.9000000000003 1 8
id399 40.0000000000003 40.0000000000003 1 8
id400 40.1000000000003 40.1000000000003 1 8
id401 40.2000000000003 40.2000000000003 1 8
id402 40.3000000000003 40.3000000000003 1 8
id403 40.400000000000304 40.400000000000304 1 8
id404 40.500000000000306 40.500000000000306 1 8
id405 40.60000000000031 40.60000000000031 1 8
id406 40.70000000000031 40.70000000000031 1 8
id407 40.80000000000031 40.80000000000031 1 8
id408 40.90000000000031 40.90000000000031 1 8
id409 41.00000000000031 41.00000000000031 1 8
id410 41.100000000000314 41.100000000000314 1 8
id411 41.200000000000315 41.200000000000315 1 8
id412 41.30000000000032 41.30000000000032 1 8
id413 41.40000000000032 41.40000000000032 1 8
id414 41.50000000000032 41.50000000000032 1 8
id415 41.60000000000032 41.60000000000032 1 8
id416 41.70000000000032 41.70000000000032 1 8
id417 41.800000000000324 41.800000000000324 1 8
id418 41.900000000000325 41.900000000000325 1 8
id419 42.00000000000033 42.00000000000033 1 8
id420 42.10000000000033 42.10000000000033 1 8
id421 42.20000000000033 42.20000000000033 1 8
id422 42.30000000000033 42.30000000000033 1 8
id423 42.40000000000033 42.40000000000033 1 8
id424 42.500000000000334 42.500000000000334 1 8
id425 42.600000000000335 42.600000000000335 1 8
id426 42.70000000000034 42.70000000000034 1 8
id427 42.80000000000034 42.80000000000034 1 8
id428 42.90000000000034 42.90000000000034 1 8
id429 43.00000000000034 43.00000000000034 1 8
id430 43.10000000000034 43.10000000000034 1 8
id431 43.200000000000344 43.200000000000344 1 8
id432 43.300000000000345 43.300000000000345 1 8
id433 43.40000000000035 43.40000000000035 1 8
id434 43.50000000000035 43.50000000000035 1 8
id435 43.60000000000035 43.60000000000035 1 8
id436 43.70000000000035 43.70000000000035 1 8
id437 43.80000000000035 43.80000000000035 1 8
id438 43.900000000000354 43.900000000000354 1 8
id439 44.000000000000355 44.000000000000355 1 8
id440 44.10000000000036 44.10000000000036 1 8
id441 44.20000000000036 44.20000000000036 1 8
id442 44.30000000000036 44.30000000000036 1 8
id443 44.40000000000036 44.40000000000036 1 8
id444 44.50000000000036 44.50000000000036 1 8
id445 44.600000000000364 44.600000000000364 1 8
id446 44.700000000000365 44.700000000000365 1 8
id447 44.80000000000037 44.80000000000037 1 8
id448 44.90000000000037 44.90000000000037 1 8
id449 45.00000000000037 45.00000000000037 1 8
id450 45.10000000000037 45.10000000000037 1 8
id451 45.20000000000037 45.20000000000037 1 8
id452 45.300000000000374 45.300000000000374 1 8
id453 45.400000000000375 45.400000000000375 1 8
id454 45.50000000000038 45.50000000000038 1 8
id455 45.60000000000038 45.60000000000038 1 8
id456 45.70000000000038 45.70000000000038 1 8
id457 45.80000000000038 45.80000000000038 1 8
id458 45.90000000000038 45.90000000000038 1 8
id459 46.000000000000384 46.000000000000384 1 8
id460 46.100000000000385 46.100000000000385 1 8
id461 46.20000000000039 46.20000000000039 1 8
id462 46.30000000000039 46.30000000000039 1 8
id463 46.40000000000039 46.40000000000039 1 8
id464 46.50000000000039 46.50000000000039 1 8
id465 46.60000000000039 46.60000000000039 1 8
id466 46.700000000000394 46.700000000000394 1 8
id467 46.800000000000395 46.800000000000395 1 8
id468 46.9000000000004 46.9000000000004 1 8
id469 47.0000000000004 47.0000000000004 1 8
id470 47.1000000000004 47.1000000000004 1 8
id471 47.2000000000004 47.2000000000004 1 8
id472 47.3000000000004 47.3000000000004 1 8
id473 47.400000000000404 47.400000000000404 1 8
id474 47.500000000000405 47.500000000000405 1 8
id475 47.600000000000406 47.600000000000406 1 8
id476 47.70000000000041 47.70000000000041 1 8
id477 47.80000000000041 47.80000000000041 1 8
id478 47.90000000000041 47.90000000000041 1 8
id479 48.00000000000041 48.00000000000041 1 8
id480 48.10000000000041 48.10000000000041 1 8
id481 48.200000000000415 48.200000000000415 1 8
id482 48.300000000000416 48.300000000000416 1 8
id483 48.40000000000042 48.40000000000042 1 8
id484 48.50000000000042 48.50000000000042 1 8
id485 48.60000000000042 48.60000000000042 1 8
id486 48.70000000000042 48.70000000000042 1 8
id487 48.80000000000042 48.80000000000042 1 8
id488 48.900000000000425 48.900000000000425 1 8
id489 49.000000000000426 49.000000000000426 1 8
id490 49.10000000000043 49.10000000000043 1 8
id491 49.20000000000043 49.20000000000043 1 8
id492 49.30000000000043 49.30000000000043 1 8
id493 49.40000000000043 49.40000000000043 1 8
id494 49.50000000000043 49.50000000000043 1 8
id495 49.600000000000435 49.600000000000435 1 8
id496 49.700000000000436 49.700000000000436 1 8
id497 49.80000000000044 49.80000000000044 1 8
id498 49.90000000000044 49.90000000000044 1 8
id499 50.00000000000044 50.00000000000044 1 8
id500 50.10000000000044 50.10000000000044 1 8
id501 50.20000000000044 50.20000000000044 1 8
id502 50.300000000000445 50.300000000000445 1 8
id503 50.400000000000446 50.400000000000446 1 8
id504 50.50000000000045 50.50000000000045 1 8
id505 50.60000000000045 50.60000000000045 1 8
id506 50.70000000000045 50.70000000000045 1 8
id507 50.80000000000045 50.80000000000045 1 8
id508 50.90000000000045 50.90000000000045 1 8
id509 51.000000000000455 51.000000000000455 1 8
id510 51.100000000000456 51.100000000000456 1 8
id511 51.20000000000046 51.20000000000046 1 8
id512 51.30000000000046 51.30000000000046 1 8
id513 51.40000000000046 51.40000000000046 1 8
id514 51.50000000000046 51.50000000000046 1 8
id515 51.60000000000046 51.60000000000046 1 8
id516 51.700000000000465 51.700000000000465 1 8
id517 51.800000000000466 51.800000000000466 1 8
id518 51.90000000000047 51.90000000000047 1 8
id519 52.00000000000047 52.00000000000047 1 8
id520 52.10000000000047 52.10000000000047 1 8
id521 52.20000000000047 52.20000000000047 1 8
id522 52.30000000000047 52.30000000000047 1 8
id523 52.400000000000475 52.400000000000475 1 8
id524 52.500000000000476 52.500000000000476 1 8
id525 52.60000000000048 52.60000000000048 1 8
id526 52.70000000000048 52.70000000000048 1 8
id527 52.80000000000048 52.80000000000048 1 8
id528 52.90000000000048 52.90000000000048 1 8
id529 53.00000000000048 53.00000000000048 1 8
id530 53.100000000000485 53.100000000000485 1 8
id531 53.200000000000486 53.200000000000486 1 8
id532 53.30000000000049 53.30000000000049 1 8
id533 53.40000000000049 53.40000000000049 1 8
id534 53.50000000000049 53.50000000000049 1 8
id535 53.60000000000049 53.60000000000049 1 8
id536 53.70000000000049 53.70000000000049 1 8
id537 53.800000000000495 53.800000000000495 1 8
id538 53.900000000000496 53.900000000000496 1 8
id539 54.0000000000005 54.0000000000005 1 8
id540 54.1000000000005 54.1000000000005 1 8
id541 54.2000000000005 54.2000000000005 1 8
id542 54.3000000000005 54.3000000000005 1 8
id543 54.4000000000005 54.4000000000005 1 8
id544 54.500000000000504 54.500000000000504 1 8
id545 54.600000000000506 54.600000000000506 1 8
id546 54.70000000000051 54.70000000000051 1 8
id547 54.80000000000051 54.80000000000051 1 8
id548 54.90000000000051 54.90000000000051 1 8
id549 55.00000000000051 55.00000000000051 1 8
id550 55.10000000000051 55.10000000000051 1 8
id551 55.200000000000514 55.200000000000514 1 8
id552 55.300000000000516 55.300000000000516 1 8
id553 55.40000000000052 55.40000000000052 1 8
id554 55.50000000000052 55.50000000000052 1 8
id555 55.60000000000052 55.60000000000052 1 8
id556 55.70000000000052 55.70000000000052 1 8
id557 55.80000000000052 55.80000000000052 1 8
id558 55.900000000000524 55.900000000000524 1 8
id559 56.000000000000526 56.000000000000526 1 8
id560 56.10000000000053 56.10000000000053 1 8
id561 56.20000000000053 56.20000000000053 1 8
id562 56.30000000000053 56.30000000000053 1 8
id563 56.40000000000053 56.40000000000053 1 8
id564 56.50000000000053 56.50000000000053 1 8
id565 56.600000000000534 56.600000000000534 1 8
id566 56.700000000000536 56.700000000000536 1 8
id567 56.80000000000054 56.80000000000054 1 8
id568 56.90000000000054 56.90000000000054 1 8
id569 57.00000000000054 57.00000000000054 1 8
id570 57.10000000000054 57.10000000000054 1 8
id571 57.20000000000054 57.20000000000054 1 8
id572 57.300000000000544 57.300000000000544 1 8
id573 57.400000000000546 57.400000000000546 1 8
id574 57.50000000000055 57.50000000000055 1 8
id575 57.60000000000055 57.60000000000055 1 8
id576 57.70000000000055 57.70000000000055 1 8
id577 57.80000000000055 57.80000000000055 1 8
id578 57.90000000000055 57.90000000000055 1 8
id579 58.000000000000554 58.000000000000554 1 8
id580 58.100000000000556 58.100000000000556 1 8
id581 58.20000000000056 58.20000000000056 1 8
id582 58.30000000000056 58.30000000000056 1 8
id583 58.40000000000056 58.40000000000056 1 8
id584 58.50000000000056 58.50000000000056 1 8
id585 58.60000000000056 58.60000000000056 1 8
id586 58.700000000000564 58.700000000000564 1 8
id587 58.800000000000566 58.800000000000566 1 8
id588 58.90000000000057 58.90000000000057 1 8
id589 59.00000000000057 59.00000000000057 1 8
id590 59.10000000000057 59.10000000000057 1 8
id591 59.20000000000057 59.20000000000057 1 8
id592 59.30000000000057 59.30000000000057 1 8
id593 59.400000000000574 59.400000000000574 1 8
id594 59.500000000000576 59.500000000000576 1 8
id595 59.60000000000058 59.60000000000058 1 8
id596 59.70000000000058 59.70000000000058 1 8
id597 59.80000000000058 59.80000000000058 1 8
id598 59.90000000000058 59.90000000000058 1 8
id599 60.00000000000058 60.00000000000058 1 8
id600 60.100000000000584 60.100000000000584 1 8
id601 60.200000000000585 60.200000000000585 1 8
id602 60.30000000000059 60.30000000000059 1 8
id603 60.40000000000059 60.40000000000059 1 8
id604 60.50000000000059 60.50000000000059 1 8
id605 60.60000000000059 60.60000000000059 1 8
id606 60.70000000000059 60.70000000000059 1 8
id607 60.800000000000594 60.800000000000594 1 8
id608 60.900000000000595 60.900000000000595 1 8
id609 61.0000000000006 61.0000000000006 1 8
id610 61.1000000000006 61.1000000000006 1 8
id611 61.2000000000006 61.2000000000006 1 8
id612 61.3000000000006 61.3000000000006 1 8
id613 61.4000000000006 61.4000000000006 1 8
id614 61.500000000000604 61.500000000000604 1 8
id615 61.600000000000605 61.600000000000605 1 8
id616 61.70000000000061 61.70000000000061 1 8
id617 61.80000000000061 61.80000000000061 1 8
id618 61.90000000000061 61.90000000000061 1 8
id619 62.00000000000061 62.00000000000061 1 8
id620 62.10000000000061 62.10000000000061 1 8
id621 62.200000000000614 62.200000000000614 1 8
id622 62.300000000000615 62.300000000000615 1 8
id623 62.40000000000062 62.40000000000062 1 8
id624 62.50000000000062 62.50000000000062 1 8
id625 62.60000000000062 62.60000000000062 1 8
id626 62.70000000000062 62.70000000000062 1 8
id627 62.80000000000062 62.80000000000062 1 8
id628 62.900000000000624 62.900000000000624 1 8
id629 63.000000000000625 63.000000000000625 1 8
id630 63.10000000000063 63.10000000000063 1 8
id631 63.20000000000063 63.20000000000063 1 8
id632 63.30000000000063 63.30000000000063 1 8
id633 63.40000000000063 63.40000000000063 1 8
id634 63.50000000000063 63.50000000000063 1 8
id635 63.600000000000634 63.600000000000634 1 8
id636 63.700000000000635 63.700000000000635 1 8
id637 63.80000000000064 63.80000000000064 1 8
id638 63.90000000000064 63.90000000000064 1 8
id639 64.00000000000064 64.00000000000064 1 8
id640 64.10000000000063 64.10000000000063 1 8
id641 64.20000000000063 64.20000000000063 1 8
id642 64.30000000000062 64.30000000000062 1 8
id643 64.40000000000062 64.40000000000062 1 8
id644 64.50000000000061 64.50000000000061 1 8
id645 64.6000000000006 64.6000000000006 1 8
id646 64.7000000000006 64.7000000000006 1 8
id647 64.8000000000006 64.8000000000006 1 8
id648 64.90000000000059 64.90000000000059 1 8
id649 65.00000000000058 65.00000000000058 1 8
id650 65.10000000000058 65.10000000000058 1 8
id651 65.20000000000057 65.20000000000057 1 8
id652 65.30000000000057 65.30000000000057 1 8
id653 65.40000000000056 65.40000000000056 1 8
id654 65.50000000000055 65.50000000000055 1 8
id655 65.60000000000055 65.60000000000055 1 8
id656 65.70000000000054 65.70000000000054 1 8
id657 65.80000000000054 65.80000000000054 1 8
id658 65.90000000000053 65.90000000000053 1 8
id659 66.00000000000053 66.00000000000053 1 8
id660 66.10000000000052 66.10000000000052 1 8
id661 66.20000000000051 66.20000000000051 1 8
id662 66.30000000000051 66.30000000000051 1 8
id663 66.4000000000005 66.4000000000005 1 8
id664 66.5000000000005 66.5000000000005 1 8
id665 66.60000000000049 66.60000000000049 1 8
id666 66.70000000000049 66.70000000000049 1 8
id667 66.80000000000048 66.80000000000048 1 8
id668 66.90000000000047 66.90000000000047 1 8
id669 67.00000000000047 67.00000000000047 1 8
id670 67.10000000000046 67.10000000000046 1 8
id671 67.20000000000046 67.20000000000046 1 8
id672 67.30000000000045 67.30000000000045 1 8
id673 67.40000000000045 67.40000000000045 1 8
id674 67.50000000000044 67.50000000000044 1 8
id675 67.60000000000043 67.60000000000043 1 8
id676 67.70000000000043 67.70000000000043 1 8
id677 67.80000000000042 67.80000000000042 1 8
id678 67.90000000000042 67.90000000000042 1 8
id679 68.00000000000041 68.00000000000041 1 8
id680 68.1000000000004 68.1000000000004 1 8
id681 68.2000000000004 68.2000000000004 1 8
id682 68.3000000000004 68.3000000000004 1 8
id683 68.40000000000039 68.40000000000039 1 8
id684 68.50000000000038 68.50000000000038 1 8
id685 68.60000000000038 68.60000000000038 1 8
id686 68.70000000000037 68.70000000000037 1 8
id687 68.80000000000037 68.80000000000037 1 8
id688 68.90000000000036 68.90000000000036 1 8
id689 69.00000000000036 69.00000000000036 1 8
id690 69.10000000000035 69.10000000000035 1 8
id691 69.20000000000034 69.20000000000034 1 8
id692 69.30000000000034 69.30000000000034 1 8
id693 69.40000000000033 69.40000000000033 1 8
id694 69.50000000000033 69.50000000000033 1 8
id695 69.60000000000032 69.60000000000032 1 8
id696 69.70000000000032 69.70000000000032 1 8
id697 69.80000000000031 69.80000000000031 1 8
id698 69.9000000000003 69.9000000000003 1 8
id699 70.0000000000003 70.0000000000003 1 8
id700 70.10000000000029 70.10000000000029 1 8
id701 70.20000000000029 70.20000000000029 1 8
id702 70.30000000000028 70.30000000000028 1 8
id703 70.40000000000028 70.40000000000028 1 8
id704 70.50000000000027 70.50000000000027 1 8
id705 70.60000000000026 70.60000000000026 1 8
id706 70.70000000000026 70.70000000000026 1 8
id707 70.80000000000025 70.80000000000025 1 8
id708 70.90000000000025 70.90000000000025 1 8
id709 71.00000000000024 71.00000000000024 1 8
id710 71.10000000000024 71.10000000000024 1 8
id711 71.20000000000023 71.20000000000023 1 8
id712 71.30000000000022 71.30000000000022 1 8
id713 71.40000000000022 71.40000000000022 1 8
id714 71.50000000000021 71.50000000000021 1 8
id715 71.60000000000021 71.60000000000021 1 8
id716 71.7000000000002 71.7000000000002 1 8
id717 71.8000000000002 71.8000000000002 1 8
id718 71.90000000000019 71.90000000000019 1 8
id719 72.00000000000018 72.00000000000018 1 8
id720 72.10000000000018 72.10000000000018 1 8
id721 72.20000000000017 72.20000000000017 1 8
id722 72.30000000000017 72.30000000000017 1 8
id723 72.40000000000016 72.40000000000016 1 8
id724 72.50000000000016 72.50000000000016 1 8
id725 72.60000000000015 72.60000000000015 1 8
id726 72.70000000000014 72.70000000000014 1 8
id727 72.80000000000014 72.80000000000014 1 8
id728 72.90000000000013 72.90000000000013 1 8
id729 73.00000000000013 73.00000000000013 1 8
id730 73.10000000000012 73.10000000000012 1 8
id731 73.20000000000012 73.20000000000012 1 8
id732 73.30000000000011 73.30000000000011 1 8
id733 73.4000000000001 73.4000000000001 1 8
id734 73.5000000000001 73.5000000000001 1 8
id735 73.6000000000001 73.6000000000001 1 8
id736 73.70000000000009 73.70000000000009 1 8
id737 73.80000000000008 73.80000000000008 1 8
id738 73.90000000000008 73.90000000000008 1 8
id739 74.00000000000007 74.00000000000007 1 8
id740 74.10000000000007 74.10000000000007 1 8
id741 74.20000000000006 74.20000000000006 1 8
id742 74.30000000000005 74.30000000000005 1 8
id743 74.40000000000005 74.40000000000005 1 8
id744 74.50000000000004 74.50000000000004 1 8
id745 74.60000000000004 74.60000000000004 1 8
id746 74.70000000000003 74.70000000000003 1 8
id747 74.80000000000003 74.80000000000003 1 8
id748 74.90000000000002 74.90000000000002 1 8
id749 75.00000000000001 75.00000000000001 1 8
id750 75.10000000000001 75.10000000000001 1 8
id751 75.2 75.2 1 8
id752 75.3 75.3 1 8
id753 75.39999999999999 75.39999999999999 1 8
id754 75.49999999999999 75.49999999999999 1 8
id755 75.59999999999998 75.59999999999998 1 8
id756 75.69999999999997 75.69999999999997 1 8
id757 75.79999999999997 75.79999999999997 1 8
id758 75.89999999999996 75.89999999999996 1 8
id759 75.99999999999996 75.99999999999996 1 8
id760 76.09999999999995 76.09999999999995 1 8
id761 76.19999999999995 76.19999999999995 1 8
id762 76.29999999999994 76.29999999999994 1 8
id763 76.39999999999993 76.39999999999993 1 8
id764 76.49999999999993 76.49999999999993 1 8
id765 76.59999999999992 76.59999999999992 1 8
id766 76.69999999999992 76.69999999999992 1 8
id767 76.79999999999991 76.79999999999991 1 8
id768 76.8999999999999 76.8999999999999 1 8
id769 76.9999999999999 76.9999999999999 1 8
id770 77.0999999999999 77.0999999999999 1 8
id771 77.19999999999989 77.19999999999989 1 8
id772 77.29999999999988 77.29999999999988 1 8
id773 77.39999999999988 77.39999999999988 1 8
id774 77.49999999999987 77.49999999999987 1 8
id775 77.59999999999987 77.59999999999987 1 8
id776 77.69999999999986 77.69999999999986 1 8
id777 77.79999999999986 77.79999999999986 1 8
id778 77.89999999999985 77.89999999999985 1 8
id779 77.99999999999984 77.99999999999984 1 8
id780 78.09999999999984 78.09999999999984 1 8
id781 78.19999999999983 78.19999999999983 1 8
id782 78.29999999999983 78.29999999999983 1 8
id783 78.39999999999982 78.39999999999982 1 8
id784 78.49999999999982 78.49999999999982 1 8
id785 78.59999999999981 78.59999999999981 1 8
id786 78.6999999999998 78.6999999999998 1 8
id787 78.7999999999998 78.7999999999998 1 8
id788 78.89999999999979 78.89999999999979 1 8
id789 78.99999999999979 78.99999999999979 1 8
id790 79.09999999999978 79.09999999999978 1 8
id791 79.19999999999978 79.19999999999978 1 8
id792 79.29999999999977 79.29999999999977 1 8
id793 79.39999999999976 79.39999999999976 1 8
id794 79.49999999999976 79.49999999999976 1 8
id795 79.59999999999975 79.59999999999975 1 8
id796 79.69999999999975 79.69999999999975 1 8
id797 79.79999999999974 79.79999999999974 1 8
id798 79.89999999999974 79.89999999999974 1 8
id799 79.99999999999973 79.99999999999973 1 8
id800 80.09999999999972 80.09999999999972 1 8
id801 80.19999999999972 80.19999999999972 1 8
id802 80.29999999999971 80.29999999999971 1 8
id803 80.39999999999971 80.39999999999971 1 8
id804 80.4999999999997 80.4999999999997 1 8
id805 80.5999999999997 80.5999999999997 1 8
id806 80.69999999999969 80.69999999999969 1 8
id807 80.79999999999968 80.79999999999968 1 8
id808 80.89999999999968 80.89999999999968 1 8
id809 80.99999999999967 80.99999999999967 1 8
id810 81.09999999999967 81.09999999999967 1 8
id811 81.19999999999966 81.19999999999966 1 8
id812 81.29999999999966 81.29999999999966 1 8
id813 81.39999999999965 81.39999999999965 1 8
id814 81.49999999999964 81.49999999999964 1 8
id815 81.59999999999964 81.59999999999964 1 8
id816 81.69999999999963 81.69999999999963 1 8
id817 81.79999999999963 81.79999999999963 1 8
id818 81.89999999999962 81.89999999999962 1 8
id819 81.99999999999962 81.99999999999962 1 8
id820 82.09999999999961 82.09999999999961 1 8
id821 82.1999999999996 82.1999999999996 1 8
id822 82.2999999999996 82.2999999999996 1 8
id823 82.3999999999996 82.3999999999996 1 8
id824 82.49999999999959 82.49999999999959 1 8
id825 82.59999999999958 82.59999999999958 1 8
id826 82.69999999999958 82.69999999999958 1 8
id827 82.79999999999957 82.79999999999957 1 8
id828 82.89999999999957 82.89999999999957 1 8
id829 82.99999999999956 82.99999999999956 1 8
id830 83.09999999999955 83.09999999999955 1 8
id831 83.19999999999955 83.19999999999955 1 8
id832 83.29999999999954 83.29999999999954 1 8
id833 83.39999999999954 83.39999999999954 1 8
id834 83.49999999999953 83.49999999999953 1 8
id835 83.59999999999953 83.59999999999953 1 8
id836 83.69999999999952 83.69999999999952 1 8
id837 83.79999999999951 83.79999999999951 1 8
id838 83.89999999999951 83.89999999999951 1 8
id839 83.9999999999995 83.9999999999995 1 8
id840 84.0999999999995 84.0999999999995 1 8
id841 84.19999999999949 84.19999999999949 1 8
id842 84.29999999999949 84.29999999999949 1 8
id843 84.39999999999948 84.39999999999948 1 8
id844 84.49999999999947 84.49999999999947 1 8
id845 84.59999999999947 84.59999999999947 1 8
id846 84.69999999999946 84.69999999999946 1 8
id847 84.79999999999946 84.79999999999946 1 8
id848 84.89999999999945 84.89999999999945 1 8
id849 84.99999999999945 84.99999999999945 1 8
id850 85.09999999999944 85.09999999999944 1 8
id851 85.19999999999943 85.19999999999943 1 8
id852 85.29999999999943 85.29999999999943 1 8
id853 85.39999999999942 85.39999999999942 1 8
id854 85.49999999999942 85.49999999999942 1 8
id855 85.59999999999941 85.59999999999941 1 8
id856 85.6999999999994 85.6999999999994 1 8
id857 85.7999999999994 85.7999999999994 1 8
id858 85.8999999999994 85.8999999999994 1 8
id859 85.99999999999939 85.99999999999939 1 8
id860 86.09999999999938 86.09999999999938 1 8
id861 86.19999999999938 86.19999999999938 1 8
id862 86.29999999999937 86.29999999999937 1 8
id863 86.39999999999937 86.39999999999937 1 8
id864 86.49999999999936 86.49999999999936 1 8
id865 86.59999999999935 86.59999999999935 1 8
id866 86.69999999999935 86.69999999999935 1 8
id867 86.79999999999934 86.79999999999934 1 8
id868 86.89999999999934 86.89999999999934 1 8
id869 86.99999999999933 86.99999999999933 1 8
id870 87.09999999999933 87.09999999999933 1 8
id871 87.19999999999932 87.19999999999932 1 8
id872 87.29999999999932 87.29999999999932 1 8
id873 87.39999999999931 87.39999999999931 1 8
id874 87.4999999999993 87.4999999999993 1 8
id875 87.5999999999993 87.5999999999993 1 8
id876 87.69999999999929 87.69999999999929 1 8
id877 87.79999999999929 87.79999999999929 1 8
id878 87.89999999999928 87.89999999999928 1 8
id879 87.99999999999928 87.99999999999928 1 8
id880 88.09999999999927 88.09999999999927 1 8
id881 88.19999999999926 88.19999999999926 1 8
id882 88.29999999999926 88.29999999999926 1 8
id883 88.39999999999925 88.39999999999925 1 8
id884 88.49999999999925 88.49999999999925 1 8
id885 88.59999999999924 88.59999999999924 1 8
id886 88.69999999999924 88.69999999999924 1 8
id887 88.79999999999923 88.79999999999923 1 8
id888 88.89999999999922 88.89999999999922 1 8
id889 88.99999999999922 88.99999999999922 1 8
id890 89.09999999999921 89.09999999999921 1 8
id891 89.1999999999992 89.1999999999992 1 8
id892 89.2999999999992 89.2999999999992 1 8
id893 89.3999999999992 89.3999999999992 1 8
id894 89.49999999999919 89.49999999999919 1 8
id895 89.59999999999918 89.59999999999918 1 8
id896 89.69999999999918 89.69999999999918 1 8
id897 89.79999999999917 89.79999999999917 1 8
id898 89.89999999999917 89.89999999999917 1 8
id899 89.99999999999916 89.99999999999916 1 8
id900 90.09999999999916 90.09999999999916 1 8
id901 90.19999999999915 90.19999999999915 1 8
id902 90.29999999999914 90.29999999999914 1 8
id903 90.39999999999914 90.39999999999914 1 8
id904 90.49999999999913 90.49999999999913 1 8
id905 90.59999999999913 90.59999999999913 1 8
id906 90.69999999999912 90.69999999999912 1 8
id907 90.79999999999912 90.79999999999912 1 8
id908 90.89999999999911 90.89999999999911 1 8
id909 90.9999999999991 90.9999999999991 1 8
id910 91.0999999999991 91.0999999999991 1 8
id911 91.1999999999991 91.1999999999991 1 8
id912 91.29999999999909 91.29999999999909 1 8
id913 91.39999999999908 91.39999999999908 1 8
id914 91.49999999999908 91.49999999999908 1 8
id915 91.59999999999907 91.59999999999907 1 8
id916 91.69999999999906 91.69999999999906 1 8
id917 91.79999999999906 91.79999999999906 1 8
id918 91.89999999999905 91.89999999999905 1 8
id919 91.99999999999905 91.99999999999905 1 8
id920 92.09999999999904 92.09999999999904 1 8
id921 92.19999999999904 92.19999999999904 1 8
id922 92.29999999999903 92.29999999999903 1 8
id923 92.39999999999903 92.39999999999903 1 8
id924 92.49999999999902 92.49999999999902 1 8
id925 92.59999999999901 92.59999999999901 1 8
id926 92.69999999999901 92.69999999999901 1 8
id927 92.799999999999 92.799999999999 1 8
id928 92.899999999999 92.899999999999 1 8
id929 92.99999999999899 92.99999999999899 1 8
id930 93.09999999999899 93.09999999999899 1 8
id931 93.19999999999898 93.19999999999898 1 8
id932 93.29999999999897 93.29999999999897 1 8
id933 93.39999999999897 93.39999999999897 1 8
id934 93.49999999999896 93.49999999999896 1 8
id935 93.59999999999896 93.59999999999896 1 8
id936 93.69999999999895 93.69999999999895 1 8
id937 93.79999999999895 93.79999999999895 1 8
id938 93.89999999999894 93.89999999999894 1 8
id939 93.99999999999893 93.99999999999893 1 8
id940 94.09999999999893 94.09999999999893 1 8
id941 94.19999999999892 94.19999999999892 1 8
id942 94.29999999999892 94.29999999999892 1 8
id943 94.39999999999891 94.39999999999891 1 8
id944 94.4999999999989 94.4999999999989 1 8
id945 94.5999999999989 94.5999999999989 1 8
id946 94.6999999999989 94.6999999999989 1 8
id947 94.79999999999889 94.79999999999889 1 8
id948 94.89999999999888 94.89999999999888 1 8
id949 94.99999999999888 94.99999999999888 1 8
id950 95.09999999999887 95.09999999999887 1 8
id951 95.19999999999887 95.19999999999887 1 8
id952 95.29999999999886 95.29999999999886 1 8
id953 95.39999999999885 95.39999999999885 1 8
id954 95.49999999999885 95.49999999999885 1 8
id955 95.59999999999884 95.59999999999884 1 8
id956 95.69999999999884 95.69999999999884 1 8
id957 95.79999999999883 95.79999999999883 1 8
id958 95.89999999999883 95.89999999999883 1 8
id959 95.99999999999882 95.99999999999882 1 8
id960 96.09999999999881 96.09999999999881 1 8
id961 96.19999999999881 96.19999999999881 1 8
id962 96.2999999999988 96.2999999999988 1 8
id963 96.3999999999988 96.3999999999988 1 8
id964 96.49999999999879 96.49999999999879 1 8
id965 96.59999999999879 96.59999999999879 1 8
id966 96.69999999999878 96.69999999999878 1 8
id967 96.79999999999878 96.79999999999878 1 8
id968 96.89999999999877 96.89999999999877 1 8
id969 96.99999999999876 96.99999999999876 1 8
id970 97.09999999999876 97.09999999999876 1 8
id971 97.19999999999875 97.19999999999875 1 8
id972 97.29999999999875 97.29999999999875 1 8
id973 97.39999999999874 97.39999999999874 1 8
id974 97.49999999999874 97.49999999999874 1 8
id975 97.59999999999873 97.59999999999873 1 8
id976 97.69999999999872 97.69999999999872 1 8
id977 97.79999999999872 97.79999999999872 1 8
id978 97.89999999999871 97.89999999999871 1 8
id979 97.9999999999987 97.9999999999987 1 8
id980 98.0999999999987 98.0999999999987 1 8
id981 98.1999999999987 98.1999999999987 1 8
id982 98.29999999999869 98.29999999999869 1 8
id983 98.39999999999868 98.39999999999868 1 8
id984 98.49999999999868 98.49999999999868 1 8
id985 98.59999999999867 98.59999999999867 1 8
id986 98.69999999999867 98.69999999999867 1 8
id987 98.79999999999866 98.79999999999866 1 8
id988 98.89999999999866 98.89999999999866 1 8
id989 98.99999999999865 98.99999999999865 1 8
id990 99.09999999999864 99.09999999999864 1 8
id991 99.19999999999864 99.19999999999864 1 8
id992 99.29999999999863 99.29999999999863 1 8
id993 99.39999999999863 99.39999999999863 1 8
id994 99.49999999999862 99.49999999999862 1 8
id995 99.59999999999862 99.59999999999862 1 8
id996 99.69999999999861 99.69999999999861 1 8
id997 99.7999999999986 99.7999999999986 1 8
id998 99.8999999999986 99.8999999999986 1 8
id999 100 100 1 8
